%YAML:1.0
---
A0:
   Matricula: A0102777
   Name: Leo
   Career: IMI
   Email: "a0102777@itesm.mx"
   Student: 1
   faceMatrix: !!opencv-matrix
      rows: 128
      cols: 1
      dt: f
      data: [ -1.03674881e-01, 9.79046673e-02, 2.62203533e-02,
          -1.06131218e-01, -1.07807875e-01, -8.30103010e-02,
          -8.27362612e-02, -8.44739601e-02, 1.62468493e-01,
          -9.56051201e-02, 1.72605664e-01, -2.47102249e-02,
          -2.09345326e-01, -8.70191902e-02, -8.21072981e-02,
          2.24384993e-01, -1.93445191e-01, -1.95681632e-01,
          3.18386499e-03, -2.22256444e-02, 6.53634071e-02,
          -2.25446606e-03, 1.46481842e-02, 1.32063910e-01,
          -1.15191877e-01, -3.44935656e-01, -3.94398868e-02,
          -9.09898728e-02, -7.67608285e-02, -4.67241220e-02,
          3.97184715e-02, 1.72526136e-01, -1.73311904e-01,
          -1.22611113e-02, 2.60490067e-02, 7.83286095e-02,
          2.84700608e-03, -9.62651223e-02, 1.93646684e-01,
          1.62432268e-02, -2.79744983e-01, -1.19559444e-01,
          9.86097679e-02, 3.02258611e-01, 1.64288461e-01,
          -4.09685336e-02, 6.10963292e-02, 8.20870139e-03,
          6.68671429e-02, -2.64443696e-01, -1.48640592e-02,
          1.56389669e-01, 7.04433024e-02, 5.41520864e-03, 3.61912102e-02,
          -1.34423718e-01, 6.55256212e-02, 6.43889159e-02,
          -1.85893536e-01, -1.87027361e-02, 3.60391587e-02,
          -1.42814219e-01, -7.50895068e-02, -1.01614401e-01,
          2.97376007e-01, 1.21143587e-01, -1.15128607e-01,
          -1.32850215e-01, 2.21525937e-01, -1.38775289e-01,
          -8.32709521e-02, 7.84721747e-02, -1.55160993e-01,
          -1.72874182e-01, -2.65549183e-01, -5.93355745e-02,
          3.55188072e-01, 1.42953798e-01, -1.23844877e-01,
          1.31861344e-01, -6.34111911e-02, 1.25127751e-03,
          1.37176886e-02, 1.87548965e-01, 9.87491198e-03, 8.76344889e-02,
          -5.88178821e-02, 3.42286043e-02, 1.84247956e-01,
          -3.51068899e-02, -4.55458425e-02, 2.23426223e-01,
          5.56362886e-03, -3.01597510e-02, 2.15143375e-02,
          -2.11955234e-02, -6.40709046e-03, 2.54734866e-02,
          -1.17153130e-01, 8.10376275e-03, 3.63455862e-02,
          -2.80420743e-02, -7.47921132e-03, 1.01898670e-01,
          -1.71704113e-01, 5.55779487e-02, 3.18476837e-03,
          2.34515872e-02, 1.32777672e-02, 4.44114953e-02,
          -7.32682049e-02, -1.24845788e-01, 1.04343668e-01,
          -2.16043308e-01, 1.47491306e-01, 1.57071441e-01,
          3.95567156e-02, 1.27015322e-01, 4.78006378e-02, 8.45957994e-02,
          2.77316738e-02, -1.08563110e-01, -1.55134678e-01,
          -4.85293232e-02, 9.75757837e-02, -6.47343546e-02,
          4.75695953e-02, 2.47596372e-02 ]
A1:
   Matricula: A0102777
   Name: ROJO
   Career: IMI
   Email: "a0102777@itesm.mx"
   Student: 1
   faceMatrix: !!opencv-matrix
      rows: 128
      cols: 1
      dt: f
      data: [ -2.02741817e-01, 1.01104796e-01, 9.36008617e-02,
          -9.75254476e-02, -1.03030622e-01, 7.56802186e-02,
          -3.67073901e-02, -2.38320418e-02, 1.57099396e-01,
          -7.67336339e-02, 2.67792284e-01, -8.43021087e-04,
          -1.78965822e-01, -1.01604871e-02, -3.22317518e-02,
          1.45812839e-01, -2.18054652e-01, -1.52150571e-01,
          -6.39190674e-02, -7.12506473e-02, 4.77597229e-02,
          5.63855469e-02, 6.27491274e-04, 4.68197875e-02,
          -1.45468950e-01, -3.34025174e-01, -8.51372927e-02,
          -1.82791412e-01, 1.02511443e-01, -6.15173653e-02,
          -7.82615598e-03, -6.94611520e-02, -2.08005399e-01,
          -2.13998388e-02, 9.43301246e-03, 6.15151599e-02,
          -1.76183619e-02, -6.55175298e-02, 2.03530461e-01,
          -1.30984858e-02, -1.07092842e-01, 4.88426015e-02,
          8.87733996e-02, 2.59069711e-01, 5.59222586e-02, 1.04581736e-01,
          1.23990979e-02, -5.71505427e-02, 1.10311590e-01,
          -1.94633350e-01, 1.47028923e-01, 1.13688461e-01,
          1.77873939e-01, 9.05634686e-02, 1.27943128e-01,
          -1.44858822e-01, 8.91463906e-02, 1.47930980e-01,
          -2.13827401e-01, 1.84549794e-01, 4.22392152e-02,
          2.64601968e-02, 2.58567985e-02, -7.60235265e-02,
          2.48521924e-01, 1.51026353e-01, -6.20988831e-02,
          -1.67619556e-01, 1.43710673e-01, -6.92609996e-02,
          -9.89990681e-02, 8.76668170e-02, -1.07916497e-01,
          -1.44300044e-01, -1.81720406e-01, 4.08912264e-02,
          4.36443597e-01, 1.59602895e-01, -2.33157709e-01,
          -2.26262715e-02, -1.52188372e-02, -1.23760030e-01,
          8.95691961e-02, 4.09280360e-02, -1.22727014e-01,
          -5.87147549e-02, -1.05024636e-01, 2.47651041e-02,
          2.49773517e-01, 4.38465327e-02, -8.60377215e-03,
          2.02249020e-01, 2.59759426e-02, -2.53911596e-03,
          8.77398252e-03, 2.28268490e-03, -1.22820631e-01,
          3.28574553e-02, -8.06784257e-02, -3.90141197e-02,
          2.19921675e-03, -5.46160005e-02, -6.32167757e-02,
          6.47128895e-02, -1.87711328e-01, 1.31313831e-01,
          -1.80530995e-02, -5.25058284e-02, -7.43061975e-02,
          9.46969241e-02, -1.16897061e-01, 2.55565047e-02,
          1.69424027e-01, -2.27610812e-01, 2.61949211e-01,
          1.67278677e-01, 3.50574553e-02, 1.23476997e-01, 6.35374561e-02,
          5.73616326e-02, 1.13064479e-02, 3.83122079e-03,
          -2.07196340e-01, -1.18448071e-01, 8.73131230e-02,
          -1.16355881e-01, 1.07386857e-01, 8.09230506e-02 ]
