%YAML:1.0
---
A0:
  Career: ITC
  Email: A01330141@itesm.mx
  Matricula: A01330141
  Name: Harold Washington
  Student: 1
  faceMatrix:
    cols: 1
    data: [0.0, 0.0, 3.95653e-34, 0.0, 0.0, 0.0, 0.0, 0.0, 1.4013e-45, 0.0, 4.62428e-44,
      0.0, 1.44115e+17, 1.4013e-45, 2.29589e-41, 0.0, 0.0, 0.0, 2.03188e-43, 0.0,
      0.0, 0.0, 2.29589e-41, 0.0, 9.18355e-41, 0.0, 1.4013e-45, 0.0, 0.0, 0.0, 0.0,
      0.0, 0.0, 0.0, 0.0, 0.0, 0.0, 0.0, 0.0, 0.0, -2.83631e-19, 4.56053e-41, -2.83611e-19,
      4.56053e-41, 3.95692e-34, 0.0, -2.83631e-19, 4.56053e-41, -2.83613e-19, 4.56053e-41,
      0.0, 0.0, 0.0, 0.0, 2.03188e-43, 0.0, 3.95683e-34, 0.0, 0.0, 0.0, 0.0, 0.0,
      2.29589e-41, 0.0, 0.0, 0.0, 1.4013e-45, 0.0, 3.9569e-34, 0.0, 3.9569e-34, 0.0,
      0.0, 0.0, 0.0, 0.0, 0.0, 0.0, 1.4013e-45, 0.0, 3.9569e-34, 0.0, 3.9569e-34,
      0.0, 0.0, 0.0, 0.0, 0.0, 0.0, 0.0, 1.13505e-43, 0.0, -4.18776e-13, 4.56053e-41,
      2.29589e-41, 0.0, 2.29589e-41, 0.0, -8728350000.0, 0.0, 1.44115e+17, 1.44115e+17,
      1.4013e-45, 0.0, 5.79489e-34, 0.0, 0.0, 0.0, 0.0325105, 0.0119395, 1.35926e-43,
      0.0, 3.95675e-34, 0.0, 0.0, 0.0, 0.0, 0.0, 0.0, 0.0, 0.0, 0.0, 3.25, 0.0, 0.0,
      0.0, 0.0, 0.0]
    dt: f
    rows: 128
  pfp: ../test.jpg
A1:
  Career: IID
  Email: A01570856@itesm.mx
  Matricula: A01570856
  Name: Martin Aumiller
  Student: 1
  faceMatrix:
    cols: 1
    data: [-0.116467, 0.0991249, 0.0624924, 0.00583552, -0.0165893, -0.0847631, 0.0414277,
      -0.0645433, 0.155117, -0.0172838, 0.237113, 0.0111815, -0.17177, -0.0769836,
      -0.0148281, 0.105685, -0.138527, -0.0716109, -0.127483, -0.0732739, -0.00342793,
      0.0576021, 0.0745204, 0.0617739, -0.114866, -0.281492, -0.0685556, -0.15172,
      0.109712, -0.089148, 0.00699844, 0.0419538, -0.159244, -0.0631874, 0.0212369,
      0.0301953, -0.0780714, -0.0240931, 0.204553, 0.0344028, -0.183593, -0.0354606,
      -0.0166168, 0.304221, 0.230646, -0.0409639, -0.000788264, -0.0324117, 0.0881859,
      -0.209525, 0.0381566, 0.117184, 0.160187, 0.0968506, 0.0733601, -0.145887, 0.0103488,
      0.0773981, -0.163477, 0.0541708, 0.0475271, -0.0834156, -0.0339083, -0.0224589,
      0.174204, 0.0401049, -0.142772, -0.0963552, 0.147532, -0.14035, 0.0371174, 0.125192,
      -0.0930712, -0.193196, -0.203184, 0.0944722, 0.370097, 0.148554, -0.190764,
      -0.000647203, -0.125913, -0.00083159, 0.0020213, 0.0631633, -0.11391, 0.0334368,
      -0.0894136, -0.00386366, 0.086736, -0.0308625, -0.0493512, 0.21877, -0.0399779,
      0.021374, 0.0574515, 0.0032083, -0.111161, 0.00898319, -0.0892122, -0.0181373,
      0.0501797, -0.149875, 0.0229843, 0.0483074, -0.122436, 0.19528, 0.0254798, 0.0359512,
      0.0268163, 0.0514088, -0.106885, -0.0515797, 0.164371, -0.223336, 0.246391,
      0.143247, 0.00987533, 0.151387, 0.0791497, 0.0939782, -0.0454565, 0.0169351,
      -0.070696, -0.0359928, 0.0565375, -0.0513506, 0.0516221, -0.00919248]
    dt: f
    rows: 128
  pfp: ../test.jpg
A10:
  Career: LIN
  Email: A01943757@itesm.mx
  Matricula: A01943757
  Name: Charles Mccoy
  Student: 1
  faceMatrix:
    cols: 1
    data: [-0.0483017, 0.167963, 0.0510118, -0.0883058, -0.193016, 0.0676572, -0.00923474,
      -0.0694045, 0.0940654, -0.00498361, 0.154583, -0.000747121, -0.257836, -0.00649893,
      -0.00992474, 0.126654, -0.130698, -0.0955896, -0.164201, -0.122388, -0.0544408,
      0.0542753, -0.0402048, -0.0225451, -0.152267, -0.246462, -0.049185, -0.0318606,
      0.108044, -0.0968342, 0.0539482, -0.00285095, -0.234986, -0.0545799, 0.0152614,
      0.046024, -0.175132, -0.119316, 0.192682, 0.0483596, -0.155535, 0.0798301, 0.0556502,
      0.282363, 0.12531, -0.0246835, 0.066237, -0.0644315, 0.0852793, -0.266355, 0.132517,
      0.132473, 0.146885, 0.068531, 0.0283079, -0.198379, 0.0176776, 0.191739, -0.228409,
      0.125357, 0.139342, -0.079418, -0.15541, -0.0841877, 0.154875, 0.158806, -0.106156,
      -0.154379, 0.149065, -0.109275, 0.00338961, 0.0644499, -0.0303999, -0.15055,
      -0.27746, 0.115293, 0.357175, 0.148494, -0.192074, -0.0678062, -0.0641959, 0.0609629,
      0.055368, 0.00654484, -0.170401, -0.0531339, -0.0481137, 0.0830891, 0.164969,
      -0.0372508, -0.0304337, 0.239081, 0.0992375, -0.0678099, 0.00847578, 0.0329662,
      -0.0952763, -0.0592502, -0.0720076, 0.0152453, 0.125807, -0.203751, 0.0189901,
      0.10034, -0.219181, 0.221239, 0.045569, -0.0268912, 0.0522904, -0.0356433, -0.127849,
      -0.0188516, 0.244342, -0.281312, 0.228324, 0.190371, -0.0267533, 0.122379, 0.157692,
      0.0737217, 0.000242973, -0.0447668, -0.130958, -0.0996106, 0.052954, -0.0638263,
      0.0311022, 0.0708254]
    dt: f
    rows: 128
  pfp: ../test.jpg
A11:
  Career: IMA
  Email: A01863953@itesm.mx
  Matricula: A01863953
  Name: Norman Marsh
  Student: 1
  faceMatrix:
    cols: 1
    data: [-0.0423076, 0.214464, 0.0616049, -0.0819073, -0.221124, 0.11058, -0.000620937,
      -0.0638905, 0.121053, 0.0015136, 0.19202, -0.0213144, -0.275783, -0.0109287,
      -0.0369409, 0.123369, -0.131302, -0.103119, -0.182521, -0.107391, -0.046979,
      0.0660494, 0.00293185, -0.00376768, -0.163477, -0.251498, -0.0416315, -0.0389276,
      0.118733, -0.156763, 0.0615388, -0.00685153, -0.206431, -0.046234, -0.0040634,
      0.0368499, -0.13703, -0.109429, 0.188166, 0.0466421, -0.19022, 0.0829765, 0.0186274,
      0.292783, 0.137402, -0.0345227, 0.0365618, -0.10334, 0.0887748, -0.235011, 0.135393,
      0.138525, 0.167022, 0.0320123, 0.0600272, -0.168477, 0.0147902, 0.21264, -0.218458,
      0.106404, 0.139298, -0.0909148, -0.0887293, -0.0976119, 0.115734, 0.146603,
      -0.0723621, -0.171875, 0.136318, -0.103599, -0.00150829, 0.119788, -0.0158648,
      -0.127053, -0.288557, 0.0803965, 0.385145, 0.128168, -0.210664, -0.0996015,
      -0.0602334, 0.0533416, 0.0582938, 0.00923764, -0.201059, -0.092061, -0.0892497,
      0.0708123, 0.156658, -0.0472269, -0.0329357, 0.233598, 0.0883055, -0.0717414,
      0.0306919, 0.036822, -0.119951, -0.00813894, -0.0353267, 0.0366729, 0.0894892,
      -0.218269, 0.0112666, 0.0708321, -0.208899, 0.179314, 0.0383773, -0.0327054,
      0.0525767, -0.038153, -0.116186, -0.0163903, 0.277155, -0.319441, 0.213973,
      0.171421, -0.0522082, 0.112327, 0.1462, 0.107728, -0.0248485, -0.0486075, -0.0948581,
      -0.0786528, 0.0567902, -0.104725, 0.0363675, 0.0535756]
    dt: f
    rows: 128
  pfp: ../test.jpg
