%YAML:1.0
---
A0:
   Matricula: A6666666
   Name: KAT
   Career: ITC
   Email: "a010516f7@itesm.mx"
   Student: 1
   faceMatrix: !!opencv-matrix
      rows: 128
      cols: 1
      dt: f
      data: [ -1.30987555e-01, 8.23249370e-02, 4.94088605e-02,
          -5.82570322e-02, -2.38582883e-02, -1.10728636e-01,
          -7.90247247e-02, -1.17744125e-01, 1.46996424e-01,
          -6.58273101e-02, 2.07691967e-01, -2.47538816e-02,
          -2.16779485e-01, -1.15699105e-01, 3.08531560e-02,
          1.47676095e-01, -2.21781775e-01, -1.39278889e-01,
          -6.84432611e-02, -9.55327004e-02, -1.49689056e-02,
          -5.55293672e-02, 3.63208950e-02, 1.16792647e-03,
          -1.06755108e-01, -2.74643958e-01, -5.52038662e-02,
          -1.45410925e-01, 2.40874756e-03, -7.69987851e-02,
          6.27766177e-02, 8.28759447e-02, -2.20710784e-01,
          -6.71528429e-02, -3.70083898e-02, 5.31944036e-02,
          6.80278614e-02, 3.22441291e-03, 1.88415721e-01,
          -4.76161391e-02, -1.62924886e-01, -3.95736322e-02,
          4.59308177e-02, 2.04343766e-01, 2.26740092e-01, 4.50263061e-02,
          -2.97939554e-02, -2.80807596e-02, 4.66602482e-02,
          -2.58004159e-01, 1.15408003e-02, 9.89008024e-02,
          4.69478145e-02, 4.37191650e-02, -9.93138179e-03,
          -1.91954613e-01, 1.07751470e-02, 7.91066065e-02,
          -2.07152829e-01, 1.08997067e-02, 4.47755605e-02,
          -1.27962813e-01, -1.22828826e-01, -3.96414399e-02,
          3.04321349e-01, 1.15796894e-01, -1.00619614e-01,
          -1.31322548e-01, 2.08291352e-01, -1.12465650e-01,
          -2.01221425e-02, 7.90987611e-02, -1.21229604e-01,
          -1.37500256e-01, -2.83662349e-01, 6.01627454e-02,
          2.67871916e-01, 6.73450157e-02, -1.40531033e-01,
          6.30389899e-02, -1.24847472e-01, -1.76267587e-02,
          -4.55838703e-02, 4.65206690e-02, -1.93609204e-02,
          -1.00190435e-02, -3.67298573e-02, 2.41677277e-03,
          1.34936422e-01, -2.73292605e-02, 2.44793296e-02,
          2.30743796e-01, -3.61465216e-02, 6.54615834e-03,
          -2.66089588e-02, -9.68053564e-03, -2.18281411e-02,
          -5.31483814e-03, -1.41797990e-01, -3.41074020e-02,
          9.06410962e-02, -4.49170619e-02, 2.51716487e-02,
          1.22643732e-01, -1.83083504e-01, 5.12418188e-02,
          -1.31736714e-02, -1.44173717e-02, 3.32464650e-02,
          1.76656917e-02, 8.73922184e-03, -1.21549264e-01,
          1.75565094e-01, -2.36309424e-01, 2.17692003e-01,
          2.38179818e-01, 4.38273288e-02, 1.20862156e-01, 1.92323551e-02,
          1.04069136e-01, -6.38604723e-03, 1.65298376e-02,
          -1.99477017e-01, 5.43512870e-05, 4.85601909e-02,
          -3.22469585e-02, -2.36963127e-02, 8.64921510e-02 ]
   pfp: "test.jpg"
A1:
   Matricula: a01027
   Name: Emilio
   Career: itc
   Email: "a010@f.com"
   Student: 1
   faceMatrix: !!opencv-matrix
      rows: 128
      cols: 1
      dt: f
      data: [ -1.15151450e-01, 1.11453466e-01, 6.55643791e-02,
          3.72280777e-02, -7.27738440e-02, -8.80057272e-03,
          -4.63995263e-02, -1.62329242e-01, 1.73221573e-01,
          -7.52974153e-02, 2.19196752e-01, -2.86129210e-02,
          -1.66324884e-01, -6.22988604e-02, -6.63862899e-02,
          1.23221278e-01, -1.32126912e-01, -1.02837384e-01,
          9.67302173e-03, -4.56050783e-02, 1.81518611e-03,
          2.19378918e-02, 9.15909633e-02, 5.79373278e-02,
          -7.48443082e-02, -3.18391204e-01, -9.97391194e-02,
          -1.47126779e-01, 1.09818622e-01, -1.01729268e-02,
          -7.90265426e-02, -4.57745930e-03, -2.09990487e-01,
          -9.57182348e-02, 5.38722426e-02, 6.16670921e-02,
          -5.33276796e-02, 6.42084703e-03, 2.15256631e-01,
          -1.43741593e-02, -1.20654158e-01, 4.11625803e-02,
          4.98874485e-03, 2.72850484e-01, 9.54407379e-02, 1.47582605e-01,
          1.90337971e-02, -1.56451091e-01, 7.07054958e-02,
          -9.75118876e-02, 7.82846436e-02, 1.68882683e-01,
          1.27460539e-01, 2.92243715e-03, 1.48632042e-02,
          -1.67271063e-01, 4.37814891e-02, 2.51128823e-02,
          -2.16192126e-01, 6.86912239e-02, 9.81775969e-02,
          -8.65527242e-03, 8.96043144e-04, -4.98014875e-02,
          2.46719286e-01, 6.66266978e-02, -5.55974767e-02,
          -1.31438255e-01, 1.69983208e-01, -1.83101192e-01,
          1.43501209e-03, 3.29328626e-02, -9.98570323e-02,
          -2.07171097e-01, -2.23782122e-01, 1.70121249e-02,
          3.93367231e-01, 1.77156687e-01, -1.41835272e-01,
          8.33721086e-02, -5.60834520e-02, -4.47458699e-02,
          8.05189759e-02, 1.25237688e-01, -7.27969110e-02,
          2.76121479e-02, -4.01346907e-02, -3.33180577e-02,
          1.38427943e-01, -4.60805371e-02, -6.46361476e-03,
          1.79496497e-01, 5.13445586e-03, 3.05668116e-02, 2.72058211e-02,
          -6.51306733e-02, -1.05958052e-01, 5.36888391e-02,
          -1.15837827e-01, -1.64784491e-03, -7.97052681e-02,
          -3.22529003e-02, 6.37828708e-02, 5.29208705e-02,
          -2.10219800e-01, 1.15829259e-01, -1.30707296e-02,
          -6.40061945e-02, -1.40549466e-02, 5.43900318e-02,
          -1.17732674e-01, -9.58418027e-02, 1.52686164e-01,
          -2.85855085e-01, 2.39893511e-01, 1.69879943e-01,
          5.58917336e-02, 1.91712111e-01, 7.81865716e-02, 1.26108035e-01,
          3.19216698e-02, 4.11680155e-02, -1.56474069e-01,
          -7.85237551e-02, 5.86635172e-02, -1.14231504e-01,
          9.68036801e-02, 4.89406697e-02 ]
   pfp: "a01027.jpg"
