%YAML:1.0
---
A01027304:
   Matricula: A01027304
   Name: Emilio Alcantara
   Career: itc
   Email: "a01027304@itesm.mx"
   Student: 1
   faceMatrix: !!opencv-matrix
      rows: 128
      cols: 1
      dt: f
      data: [ -1.15151450e-01, 1.11453466e-01, 6.55643791e-02,
          3.72280777e-02, -7.27738440e-02, -8.80057272e-03,
          -4.63995263e-02, -1.62329242e-01, 1.73221573e-01,
          -7.52974153e-02, 2.19196752e-01, -2.86129210e-02,
          -1.66324884e-01, -6.22988604e-02, -6.63862899e-02,
          1.23221278e-01, -1.32126912e-01, -1.02837384e-01,
          9.67302173e-03, -4.56050783e-02, 1.81518611e-03,
          2.19378918e-02, 9.15909633e-02, 5.79373278e-02,
          -7.48443082e-02, -3.18391204e-01, -9.97391194e-02,
          -1.47126779e-01, 1.09818622e-01, -1.01729268e-02,
          -7.90265426e-02, -4.57745930e-03, -2.09990487e-01,
          -9.57182348e-02, 5.38722426e-02, 6.16670921e-02,
          -5.33276796e-02, 6.42084703e-03, 2.15256631e-01,
          -1.43741593e-02, -1.20654158e-01, 4.11625803e-02,
          4.98874485e-03, 2.72850484e-01, 9.54407379e-02, 1.47582605e-01,
          1.90337971e-02, -1.56451091e-01, 7.07054958e-02,
          -9.75118876e-02, 7.82846436e-02, 1.68882683e-01,
          1.27460539e-01, 2.92243715e-03, 1.48632042e-02,
          -1.67271063e-01, 4.37814891e-02, 2.51128823e-02,
          -2.16192126e-01, 6.86912239e-02, 9.81775969e-02,
          -8.65527242e-03, 8.96043144e-04, -4.98014875e-02,
          2.46719286e-01, 6.66266978e-02, -5.55974767e-02,
          -1.31438255e-01, 1.69983208e-01, -1.83101192e-01,
          1.43501209e-03, 3.29328626e-02, -9.98570323e-02,
          -2.07171097e-01, -2.23782122e-01, 1.70121249e-02,
          3.93367231e-01, 1.77156687e-01, -1.41835272e-01,
          8.33721086e-02, -5.60834520e-02, -4.47458699e-02,
          8.05189759e-02, 1.25237688e-01, -7.27969110e-02,
          2.76121479e-02, -4.01346907e-02, -3.33180577e-02,
          1.38427943e-01, -4.60805371e-02, -6.46361476e-03,
          1.79496497e-01, 5.13445586e-03, 3.05668116e-02, 2.72058211e-02,
          -6.51306733e-02, -1.05958052e-01, 5.36888391e-02,
          -1.15837827e-01, -1.64784491e-03, -7.97052681e-02,
          -3.22529003e-02, 6.37828708e-02, 5.29208705e-02,
          -2.10219800e-01, 1.15829259e-01, -1.30707296e-02,
          -6.40061945e-02, -1.40549466e-02, 5.43900318e-02,
          -1.17732674e-01, -9.58418027e-02, 1.52686164e-01,
          -2.85855085e-01, 2.39893511e-01, 1.69879943e-01,
          5.58917336e-02, 1.91712111e-01, 7.81865716e-02, 1.26108035e-01,
          3.19216698e-02, 4.11680155e-02, -1.56474069e-01,
          -7.85237551e-02, 5.86635172e-02, -1.14231504e-01,
          9.68036801e-02, 4.89406697e-02 ]
   pfp: "../images/A01027304.jpg"
A01023256:
   Matricula: A01023256
   Name: Abraham Garcia
   Career: ITC11
   Email: "algo@mail.com"
   Student: 1
   faceMatrix: !!opencv-matrix
      rows: 128
      cols: 1
      dt: f
      data: [ -1.75252393e-01, 1.38273790e-01, 6.19251356e-02,
          -2.47691907e-02, -1.53685927e-01, 2.10328195e-02,
          -8.22080076e-02, -9.81513709e-02, 6.30628318e-02,
          -6.31302968e-02, 1.81494445e-01, -4.55404632e-02,
          -1.90165356e-01, -3.95173626e-03, -2.55657323e-02,
          1.09126441e-01, -1.33288175e-01, -1.42208442e-01,
          -7.02229664e-02, -4.96205352e-02, -1.09143788e-02,
          -7.01355115e-02, 1.36149814e-02, 1.26661882e-01,
          -1.11296147e-01, -2.90773839e-01, -9.98839289e-02,
          -1.51047558e-01, 1.09338358e-01, -9.93276685e-02,
          -3.69227454e-02, -7.75810853e-02, -1.66093186e-01,
          -1.88611448e-02, -4.47102636e-03, 8.44593421e-02,
          -5.83034530e-02, -9.37121809e-02, 2.65842289e-01,
          -1.35444894e-01, -1.20206282e-01, -3.91170755e-03,
          1.34672493e-01, 2.29233980e-01, 1.57565117e-01, 6.31270334e-02,
          6.62004054e-02, -3.32508050e-02, 1.47782624e-01,
          -2.01890439e-01, 1.30746976e-01, 1.21045552e-01,
          1.22321993e-01, 8.51018652e-02, 1.10682189e-01,
          -1.77814499e-01, 3.47935185e-02, 1.93225712e-01,
          -9.53733921e-02, 1.94313064e-01, 2.06719842e-02,
          -9.01829824e-03, -1.51471812e-02, -5.79212159e-02,
          2.68093199e-01, 9.56497639e-02, -9.52922702e-02,
          -1.69663265e-01, 1.41907439e-01, -1.85666054e-01,
          -5.69148511e-02, 1.10150687e-01, -1.02473803e-01,
          -1.56126827e-01, -2.70295709e-01, 5.48999608e-02,
          3.81473094e-01, 1.98908508e-01, -1.92081690e-01,
          -4.38736938e-03, -1.78254023e-02, -1.03084080e-01,
          6.15372807e-02, 7.75301382e-02, -1.01571038e-01,
          -9.24267843e-02, -1.41812772e-01, 5.16414456e-03,
          2.83949852e-01, 1.87356640e-02, 3.11492551e-02, 2.01885968e-01,
          5.01677170e-02, 2.82923691e-04, -3.81372161e-02,
          3.85416299e-02, -1.41876355e-01, -3.63420732e-02,
          -9.49256718e-02, -1.22062927e-02, 5.14705628e-02,
          -4.41952758e-02, -4.03912365e-02, 1.13810942e-01,
          -2.04272062e-01, 6.50262013e-02, -4.68467884e-02,
          -4.08370513e-03, -5.33272773e-02, 5.31073511e-02,
          -1.81763634e-01, -3.40848640e-02, 2.08465904e-01,
          -2.25497514e-01, 1.73207417e-01, 1.83521837e-01,
          5.49791865e-02, 5.86785935e-02, 1.33012325e-01, 5.01530841e-02,
          7.98405111e-02, -3.27516068e-03, -1.63461089e-01,
          -6.63103685e-02, 7.63964802e-02, -1.11588314e-01,
          3.25545445e-02, 7.37063736e-02 ]
   pfp: "../images/A01023256.jpg"
