%YAML:1.0
---
A0:
   Matricula: A01026744
   Name: Ana Paola
   Career: ITC
   Email: "hola@gmail.com"
   Student: 1
   faceMatrix: !!opencv-matrix
      rows: 128
      cols: 1
      dt: f
      data: [ -3.99176925e-02, 1.04916453e-01, 9.08228159e-02,
          -8.84718914e-03, -7.96071514e-02, -4.25215736e-02,
          -5.36884815e-02, 1.44314021e-04, 1.27231762e-01,
          -3.24761122e-02, 2.32100412e-01, -1.46983042e-02,
          -2.44695961e-01, -2.86507457e-02, -3.50779295e-03,
          9.97729748e-02, -1.42348170e-01, -6.62799478e-02,
          -1.05659038e-01, -1.17934860e-01, 4.42962795e-02,
          1.10019734e-02, 1.31566599e-02, 5.96400350e-03,
          -9.54174623e-02, -2.94011116e-01, -7.90117830e-02,
          -1.24613017e-01, 9.03142095e-02, -1.82791784e-01,
          1.03950053e-02, 2.96400115e-02, -1.19682737e-01,
          -3.76303867e-02, -1.84988901e-02, 2.24113204e-02,
          6.10546768e-03, -9.95680615e-02, 1.52938589e-01,
          -3.48060988e-02, -1.51467085e-01, -5.67452312e-02,
          2.84655392e-03, 2.55620033e-01, 1.80223435e-01, 4.06768285e-02,
          1.90549269e-02, -5.35325408e-02, 5.95807582e-02,
          -2.80592889e-01, 2.75825895e-02, 1.55837059e-01,
          1.87342614e-02, 1.16977334e-01, 7.85920098e-02,
          -1.66784331e-01, 4.07429934e-02, 9.16291177e-02,
          -1.40201882e-01, 3.98017094e-02, 5.11887297e-02,
          -9.43803638e-02, -3.48590165e-02, -1.14783593e-01,
          2.10472450e-01, 6.89601004e-02, -8.20754766e-02,
          -1.24540128e-01, 1.11858681e-01, -1.55832306e-01,
          -3.62941548e-02, 1.03162184e-01, -1.14358954e-01,
          -1.64981887e-01, -2.25885466e-01, 9.36851352e-02,
          3.66999239e-01, 1.99300826e-01, -1.39195874e-01,
          3.99192534e-02, -1.05307981e-01, -1.49792954e-02,
          4.01073396e-02, 2.20713466e-02, -6.79089054e-02,
          2.99704075e-03, -9.38424990e-02, 6.77608252e-02,
          1.65502965e-01, -8.61396715e-02, 3.40405814e-02,
          1.83722317e-01, -4.66770306e-02, 3.18840370e-02,
          -1.71084981e-03, 1.80965960e-02, -8.23454261e-02,
          5.03736585e-02, -6.45750165e-02, 1.94015652e-02,
          1.34769171e-01, -1.36449918e-01, 2.91625559e-02,
          6.97917342e-02, -1.74013734e-01, 9.50103775e-02,
          -1.25853494e-02, -3.13271210e-02, 4.38868701e-02,
          5.56084514e-03, -7.17509985e-02, -3.54780406e-02,
          2.35522926e-01, -2.52045691e-01, 2.37949297e-01,
          2.40373313e-01, 3.86785381e-02, 1.32491738e-01, 3.81718799e-02,
          1.46607324e-01, -4.44533527e-02, -6.79620355e-02,
          -1.31071210e-01, -2.78095771e-02, 2.03079805e-02,
          -1.36697516e-02, -5.44148237e-02, -8.89733434e-04 ]
   pfp: ""
A1:
   Matricula: A01026744
   Name: Toti
   Career: ITC
   Email: "hola3@gmail.com"
   Student: 1
   faceMatrix: !!opencv-matrix
      rows: 128
      cols: 1
      dt: f
      data: [ -9.77328122e-02, 1.18075043e-01, 3.34052369e-02,
          -1.74074806e-02, -1.05834201e-01, -4.76964563e-02,
          -7.13323876e-02, -9.74633098e-02, 1.13235965e-01,
          -1.68585610e-02, 1.81890741e-01, -4.51605320e-02,
          -2.29191735e-01, -1.10164285e-02, -1.83605812e-02,
          1.51160344e-01, -2.14408934e-01, -8.75838846e-02,
          -8.22912902e-02, -6.15364015e-02, 1.16377473e-02,
          6.97248876e-02, -2.49124467e-02, 9.16525275e-02,
          -8.97681788e-02, -2.91526347e-01, -3.56123894e-02,
          -8.68122131e-02, 3.26705799e-02, -1.36231065e-01,
          2.59427875e-02, 1.25441834e-01, -1.55197918e-01,
          3.08427215e-03, 2.61948928e-02, 7.32384324e-02,
          -1.69313997e-02, -8.65368545e-02, 1.19241260e-01,
          4.35669012e-02, -2.09222406e-01, -1.57258958e-02,
          4.70190644e-02, 3.31146151e-01, 1.76565588e-01, 4.77522649e-02,
          -3.15993764e-02, -1.67091489e-02, 1.03791609e-01,
          -2.55914897e-01, 6.79589808e-04, 1.63764626e-01,
          5.55856638e-02, 5.81334159e-02, 2.77328119e-02,
          -2.20792860e-01, 4.02525663e-02, 6.88829273e-02,
          -1.88744128e-01, 2.53582262e-02, 7.72437826e-02,
          -1.18099876e-01, -3.53635252e-02, -1.01075135e-01,
          2.35495239e-01, 8.40568841e-02, -1.21796951e-01,
          -8.67838860e-02, 1.63560838e-01, -1.26419470e-01,
          -9.14149210e-02, 2.90420745e-02, -1.17460646e-01,
          -1.76932812e-01, -2.75266588e-01, 3.81181091e-02,
          3.46473217e-01, 1.45345151e-01, -1.65515348e-01,
          5.48445992e-02, -5.83990738e-02, 2.04797089e-03,
          -1.52831897e-02, 1.33213311e-01, -7.30340406e-02,
          1.09439194e-02, -7.64044449e-02, 1.21195912e-02,
          1.48381397e-01, -6.95985556e-03, 3.24632339e-02,
          2.80660659e-01, -4.89480048e-03, -4.51135710e-02,
          -6.31528255e-03, -7.28402287e-03, -8.61470699e-02,
          -3.46263498e-03, -9.53809768e-02, -5.06517440e-02,
          7.54739940e-02, -1.16034336e-01, 1.83733553e-02,
          1.48130074e-01, -2.46707797e-01, 1.77893937e-01,
          4.32484001e-02, 2.57352311e-02, 6.66571110e-02, 4.04885411e-02,
          -5.19559905e-02, -5.12363762e-02, 1.69115335e-01,
          -2.75132358e-01, 2.02684283e-01, 2.04073384e-01,
          1.11396156e-01, 1.40554518e-01, 2.74700820e-02, 1.06701672e-01,
          -1.86050385e-02, -3.49913388e-02, -1.72162279e-01,
          -8.15789402e-02, 6.09714165e-02, -5.29222302e-02,
          -6.66632950e-02, 7.09345043e-02 ]
   pfp: "/Users/Hayoung/code/opencv-cpp-template/Faces/ro.jpg"
