%YAML:1.0
---
A0:
   Matricula: A01026744
   Name: Ana Paola
   Career: ITC
   Email: "hola@gmail.com"
   Student: 1
   faceMatrix: !!opencv-matrix
      rows: 128
      cols: 1
      dt: f
      data: [ -3.99176925e-02, 1.04916453e-01, 9.08228159e-02,
          -8.84718914e-03, -7.96071514e-02, -4.25215736e-02,
          -5.36884815e-02, 1.44314021e-04, 1.27231762e-01,
          -3.24761122e-02, 2.32100412e-01, -1.46983042e-02,
          -2.44695961e-01, -2.86507457e-02, -3.50779295e-03,
          9.97729748e-02, -1.42348170e-01, -6.62799478e-02,
          -1.05659038e-01, -1.17934860e-01, 4.42962795e-02,
          1.10019734e-02, 1.31566599e-02, 5.96400350e-03,
          -9.54174623e-02, -2.94011116e-01, -7.90117830e-02,
          -1.24613017e-01, 9.03142095e-02, -1.82791784e-01,
          1.03950053e-02, 2.96400115e-02, -1.19682737e-01,
          -3.76303867e-02, -1.84988901e-02, 2.24113204e-02,
          6.10546768e-03, -9.95680615e-02, 1.52938589e-01,
          -3.48060988e-02, -1.51467085e-01, -5.67452312e-02,
          2.84655392e-03, 2.55620033e-01, 1.80223435e-01, 4.06768285e-02,
          1.90549269e-02, -5.35325408e-02, 5.95807582e-02,
          -2.80592889e-01, 2.75825895e-02, 1.55837059e-01,
          1.87342614e-02, 1.16977334e-01, 7.85920098e-02,
          -1.66784331e-01, 4.07429934e-02, 9.16291177e-02,
          -1.40201882e-01, 3.98017094e-02, 5.11887297e-02,
          -9.43803638e-02, -3.48590165e-02, -1.14783593e-01,
          2.10472450e-01, 6.89601004e-02, -8.20754766e-02,
          -1.24540128e-01, 1.11858681e-01, -1.55832306e-01,
          -3.62941548e-02, 1.03162184e-01, -1.14358954e-01,
          -1.64981887e-01, -2.25885466e-01, 9.36851352e-02,
          3.66999239e-01, 1.99300826e-01, -1.39195874e-01,
          3.99192534e-02, -1.05307981e-01, -1.49792954e-02,
          4.01073396e-02, 2.20713466e-02, -6.79089054e-02,
          2.99704075e-03, -9.38424990e-02, 6.77608252e-02,
          1.65502965e-01, -8.61396715e-02, 3.40405814e-02,
          1.83722317e-01, -4.66770306e-02, 3.18840370e-02,
          -1.71084981e-03, 1.80965960e-02, -8.23454261e-02,
          5.03736585e-02, -6.45750165e-02, 1.94015652e-02,
          1.34769171e-01, -1.36449918e-01, 2.91625559e-02,
          6.97917342e-02, -1.74013734e-01, 9.50103775e-02,
          -1.25853494e-02, -3.13271210e-02, 4.38868701e-02,
          5.56084514e-03, -7.17509985e-02, -3.54780406e-02,
          2.35522926e-01, -2.52045691e-01, 2.37949297e-01,
          2.40373313e-01, 3.86785381e-02, 1.32491738e-01, 3.81718799e-02,
          1.46607324e-01, -4.44533527e-02, -6.79620355e-02,
          -1.31071210e-01, -2.78095771e-02, 2.03079805e-02,
          -1.36697516e-02, -5.44148237e-02, -8.89733434e-04 ]
      pfp: "test.jpg"

