%YAML:1.0
---
A0:
   Matricula: DEFAULT
   Name: DEFAULT
   Career: DEFAULT
   Email: DEFAULT
   Student: 0
   faceMatrix: !!opencv-matrix
      rows: 1
      cols: 2
      dt: f
      data: [ -107374176., 1.40129846e-45 ]
A1:
   Matricula: A01026744
   Name: Paco
   Career: ITC
   Email: "hola1@gmail.com"
   Student: 1
   faceMatrix: !!opencv-matrix
      rows: 128
      cols: 1
      dt: f
      data: [ -7.60069117e-02, 5.20799160e-02, 1.88754238e-02,
          2.60685291e-03, -5.59393466e-02, -6.60692602e-02,
          -2.68376432e-02, -3.21909785e-02, 1.35037154e-01,
          -4.38906029e-02, 2.20999479e-01, -8.63324851e-03,
          -1.84886292e-01, -8.47273096e-02, 4.73572314e-03,
          1.32916436e-01, -1.74058899e-01, -5.60770966e-02,
          -9.40560028e-02, -1.66074440e-01, 3.53766754e-02,
          4.33259234e-02, -1.35398582e-02, 1.12885833e-02,
          -1.14527211e-01, -2.55030632e-01, -1.02003992e-01,
          -1.67462409e-01, 9.06564817e-02, -5.59735894e-02,
          -5.89044020e-03, 3.55710611e-02, -2.47676089e-01,
          -5.72091118e-02, 4.90049869e-02, 2.90665030e-03,
          -1.44364685e-02, -3.14985216e-02, 1.58235133e-01,
          3.73781659e-02, -9.91459042e-02, -8.95778835e-03,
          2.23547295e-02, 2.31588572e-01, 1.90098703e-01, 3.34793627e-02,
          -3.78557444e-02, -5.98131716e-02, 9.05596465e-02,
          -2.14594811e-01, 2.93556675e-02, 1.62823573e-01,
          1.29359603e-01, 1.30109578e-01, 3.21328342e-02,
          -1.19683765e-01, 6.65211976e-02, 7.18687922e-02,
          -1.79962739e-01, 2.10496336e-02, 2.54887491e-02,
          -1.02116764e-01, -8.24754685e-02, -4.95491773e-02,
          2.30055392e-01, 9.36976895e-02, -6.88303411e-02,
          -1.71361446e-01, 1.56134859e-01, -1.77805409e-01,
          -5.15550673e-02, 8.72071013e-02, -1.00375339e-01,
          -1.39023289e-01, -2.89295465e-01, 7.77715296e-02,
          3.83676469e-01, 1.91992402e-01, -1.97725341e-01,
          4.11590077e-02, -1.41525775e-01, -2.30285749e-02,
          6.01549894e-02, 3.06100696e-02, -8.82265419e-02,
          1.12846494e-03, -5.45122176e-02, 2.66326368e-02,
          1.84914425e-01, -7.59328008e-02, -1.62761286e-03,
          2.19743624e-01, -2.62431130e-02, 5.17359525e-02,
          -2.14025564e-03, -6.75070733e-02, -5.87137341e-02,
          -5.61357737e-02, -5.68237454e-02, -7.31376335e-02,
          6.78769797e-02, -9.55129862e-02, 2.22773552e-02,
          1.22937530e-01, -2.14376777e-01, 1.17836468e-01,
          -8.73054564e-03, -4.78656031e-02, -1.19218230e-03,
          3.56327444e-02, -6.33371249e-02, -3.96064818e-02,
          1.50626630e-01, -2.28366345e-01, 2.71339446e-01,
          1.82730258e-01, 1.37718730e-02, 1.28109470e-01, 3.26099619e-02,
          1.07715979e-01, -9.48401168e-02, -5.76576814e-02,
          -1.44630164e-01, -6.47306740e-02, 5.05512506e-02,
          -7.95859843e-03, 2.48238444e-03, -1.23053938e-02 ]
A2:
   Matricula: A01026744
   Name: Ana Paola
   Career: ITC
   Email: "hola@gmail.com"
   Student: 1
   faceMatrix: !!opencv-matrix
      rows: 128
      cols: 1
      dt: f
      data: [ -7.60069117e-02, 5.20799160e-02, 1.88754238e-02,
          2.60685291e-03, -5.59393466e-02, -6.60692602e-02,
          -2.68376432e-02, -3.21909785e-02, 1.35037154e-01,
          -4.38906029e-02, 2.20999479e-01, -8.63324851e-03,
          -1.84886292e-01, -8.47273096e-02, 4.73572314e-03,
          1.32916436e-01, -1.74058899e-01, -5.60770966e-02,
          -9.40560028e-02, -1.66074440e-01, 3.53766754e-02,
          4.33259234e-02, -1.35398582e-02, 1.12885833e-02,
          -1.14527211e-01, -2.55030632e-01, -1.02003992e-01,
          -1.67462409e-01, 9.06564817e-02, -5.59735894e-02,
          -5.89044020e-03, 3.55710611e-02, -2.47676089e-01,
          -5.72091118e-02, 4.90049869e-02, 2.90665030e-03,
          -1.44364685e-02, -3.14985216e-02, 1.58235133e-01,
          3.73781659e-02, -9.91459042e-02, -8.95778835e-03,
          2.23547295e-02, 2.31588572e-01, 1.90098703e-01, 3.34793627e-02,
          -3.78557444e-02, -5.98131716e-02, 9.05596465e-02,
          -2.14594811e-01, 2.93556675e-02, 1.62823573e-01,
          1.29359603e-01, 1.30109578e-01, 3.21328342e-02,
          -1.19683765e-01, 6.65211976e-02, 7.18687922e-02,
          -1.79962739e-01, 2.10496336e-02, 2.54887491e-02,
          -1.02116764e-01, -8.24754685e-02, -4.95491773e-02,
          2.30055392e-01, 9.36976895e-02, -6.88303411e-02,
          -1.71361446e-01, 1.56134859e-01, -1.77805409e-01,
          -5.15550673e-02, 8.72071013e-02, -1.00375339e-01,
          -1.39023289e-01, -2.89295465e-01, 7.77715296e-02,
          3.83676469e-01, 1.91992402e-01, -1.97725341e-01,
          4.11590077e-02, -1.41525775e-01, -2.30285749e-02,
          6.01549894e-02, 3.06100696e-02, -8.82265419e-02,
          1.12846494e-03, -5.45122176e-02, 2.66326368e-02,
          1.84914425e-01, -7.59328008e-02, -1.62761286e-03,
          2.19743624e-01, -2.62431130e-02, 5.17359525e-02,
          -2.14025564e-03, -6.75070733e-02, -5.87137341e-02,
          -5.61357737e-02, -5.68237454e-02, -7.31376335e-02,
          6.78769797e-02, -9.55129862e-02, 2.22773552e-02,
          1.22937530e-01, -2.14376777e-01, 1.17836468e-01,
          -8.73054564e-03, -4.78656031e-02, -1.19218230e-03,
          3.56327444e-02, -6.33371249e-02, -3.96064818e-02,
          1.50626630e-01, -2.28366345e-01, 2.71339446e-01,
          1.82730258e-01, 1.37718730e-02, 1.28109470e-01, 3.26099619e-02,
          1.07715979e-01, -9.48401168e-02, -5.76576814e-02,
          -1.44630164e-01, -6.47306740e-02, 5.05512506e-02,
          -7.95859843e-03, 2.48238444e-03, -1.23053938e-02 ]
