%YAML:1.0
---
A0:
   Matricula: DEFAULT
   Name: DEFAULT
   Career: DEFAULT
   Email: DEFAULT
   Student: 0
   faceMatrix: !!opencv-matrix
      rows: 1
      cols: 2
      dt: f
      data: [ -107374176., 1.40129846e-45 ]
A1:
   Matricula: A01026744
   Name: Paco
   Career: ITC
   Email: "hola1@gmail.com"
   Student: 1
   faceMatrix: !!opencv-matrix
      rows: 128
      cols: 1
      dt: f
      data: [ -9.77328122e-02, 1.18075043e-01, 3.34052369e-02,
          -1.74074806e-02, -1.05834201e-01, -4.76964563e-02,
          -7.13323876e-02, -9.74633098e-02, 1.13235965e-01,
          -1.68585610e-02, 1.81890741e-01, -4.51605320e-02,
          -2.29191735e-01, -1.10164285e-02, -1.83605812e-02,
          1.51160344e-01, -2.14408934e-01, -8.75838846e-02,
          -8.22912902e-02, -6.15364015e-02, 1.16377473e-02,
          6.97248876e-02, -2.49124467e-02, 9.16525275e-02,
          -8.97681788e-02, -2.91526347e-01, -3.56123894e-02,
          -8.68122131e-02, 3.26705799e-02, -1.36231065e-01,
          2.59427875e-02, 1.25441834e-01, -1.55197918e-01,
          3.08427215e-03, 2.61948928e-02, 7.32384324e-02,
          -1.69313997e-02, -8.65368545e-02, 1.19241260e-01,
          4.35669012e-02, -2.09222406e-01, -1.57258958e-02,
          4.70190644e-02, 3.31146151e-01, 1.76565588e-01, 4.77522649e-02,
          -3.15993764e-02, -1.67091489e-02, 1.03791609e-01,
          -2.55914897e-01, 6.79589808e-04, 1.63764626e-01,
          5.55856638e-02, 5.81334159e-02, 2.77328119e-02,
          -2.20792860e-01, 4.02525663e-02, 6.88829273e-02,
          -1.88744128e-01, 2.53582262e-02, 7.72437826e-02,
          -1.18099876e-01, -3.53635252e-02, -1.01075135e-01,
          2.35495239e-01, 8.40568841e-02, -1.21796951e-01,
          -8.67838860e-02, 1.63560838e-01, -1.26419470e-01,
          -9.14149210e-02, 2.90420745e-02, -1.17460646e-01,
          -1.76932812e-01, -2.75266588e-01, 3.81181091e-02,
          3.46473217e-01, 1.45345151e-01, -1.65515348e-01,
          5.48445992e-02, -5.83990738e-02, 2.04797089e-03,
          -1.52831897e-02, 1.33213311e-01, -7.30340406e-02,
          1.09439194e-02, -7.64044449e-02, 1.21195912e-02,
          1.48381397e-01, -6.95985556e-03, 3.24632339e-02,
          2.80660659e-01, -4.89480048e-03, -4.51135710e-02,
          -6.31528255e-03, -7.28402287e-03, -8.61470699e-02,
          -3.46263498e-03, -9.53809768e-02, -5.06517440e-02,
          7.54739940e-02, -1.16034336e-01, 1.83733553e-02,
          1.48130074e-01, -2.46707797e-01, 1.77893937e-01,
          4.32484001e-02, 2.57352311e-02, 6.66571110e-02, 4.04885411e-02,
          -5.19559905e-02, -5.12363762e-02, 1.69115335e-01,
          -2.75132358e-01, 2.02684283e-01, 2.04073384e-01,
          1.11396156e-01, 1.40554518e-01, 2.74700820e-02, 1.06701672e-01,
          -1.86050385e-02, -3.49913388e-02, -1.72162279e-01,
          -8.15789402e-02, 6.09714165e-02, -5.29222302e-02,
          -6.66632950e-02, 7.09345043e-02 ]
A2:
   Matricula: A01026744
   Name: Ana Paola
   Career: ITC
   Email: "hola@gmail.com"
   Student: 1
   faceMatrix: !!opencv-matrix
      rows: 128
      cols: 1
      dt: f
      data: [ -9.77328122e-02, 1.18075043e-01, 3.34052369e-02,
          -1.74074806e-02, -1.05834201e-01, -4.76964563e-02,
          -7.13323876e-02, -9.74633098e-02, 1.13235965e-01,
          -1.68585610e-02, 1.81890741e-01, -4.51605320e-02,
          -2.29191735e-01, -1.10164285e-02, -1.83605812e-02,
          1.51160344e-01, -2.14408934e-01, -8.75838846e-02,
          -8.22912902e-02, -6.15364015e-02, 1.16377473e-02,
          6.97248876e-02, -2.49124467e-02, 9.16525275e-02,
          -8.97681788e-02, -2.91526347e-01, -3.56123894e-02,
          -8.68122131e-02, 3.26705799e-02, -1.36231065e-01,
          2.59427875e-02, 1.25441834e-01, -1.55197918e-01,
          3.08427215e-03, 2.61948928e-02, 7.32384324e-02,
          -1.69313997e-02, -8.65368545e-02, 1.19241260e-01,
          4.35669012e-02, -2.09222406e-01, -1.57258958e-02,
          4.70190644e-02, 3.31146151e-01, 1.76565588e-01, 4.77522649e-02,
          -3.15993764e-02, -1.67091489e-02, 1.03791609e-01,
          -2.55914897e-01, 6.79589808e-04, 1.63764626e-01,
          5.55856638e-02, 5.81334159e-02, 2.77328119e-02,
          -2.20792860e-01, 4.02525663e-02, 6.88829273e-02,
          -1.88744128e-01, 2.53582262e-02, 7.72437826e-02,
          -1.18099876e-01, -3.53635252e-02, -1.01075135e-01,
          2.35495239e-01, 8.40568841e-02, -1.21796951e-01,
          -8.67838860e-02, 1.63560838e-01, -1.26419470e-01,
          -9.14149210e-02, 2.90420745e-02, -1.17460646e-01,
          -1.76932812e-01, -2.75266588e-01, 3.81181091e-02,
          3.46473217e-01, 1.45345151e-01, -1.65515348e-01,
          5.48445992e-02, -5.83990738e-02, 2.04797089e-03,
          -1.52831897e-02, 1.33213311e-01, -7.30340406e-02,
          1.09439194e-02, -7.64044449e-02, 1.21195912e-02,
          1.48381397e-01, -6.95985556e-03, 3.24632339e-02,
          2.80660659e-01, -4.89480048e-03, -4.51135710e-02,
          -6.31528255e-03, -7.28402287e-03, -8.61470699e-02,
          -3.46263498e-03, -9.53809768e-02, -5.06517440e-02,
          7.54739940e-02, -1.16034336e-01, 1.83733553e-02,
          1.48130074e-01, -2.46707797e-01, 1.77893937e-01,
          4.32484001e-02, 2.57352311e-02, 6.66571110e-02, 4.04885411e-02,
          -5.19559905e-02, -5.12363762e-02, 1.69115335e-01,
          -2.75132358e-01, 2.02684283e-01, 2.04073384e-01,
          1.11396156e-01, 1.40554518e-01, 2.74700820e-02, 1.06701672e-01,
          -1.86050385e-02, -3.49913388e-02, -1.72162279e-01,
          -8.15789402e-02, 6.09714165e-02, -5.29222302e-02,
          -6.66632950e-02, 7.09345043e-02 ]
