%YAML:1.0
---
A0:
   Matricula: A0000000
   Name: KAT
   Career: RSRSRS
   Email: "a010277fff7@itesm.mx"
   Student: 1
   faceMatrix: !!opencv-matrix
      rows: 128
      cols: 1
      dt: f
      data: [ -2.75965128e-02, 1.07042164e-01, 1.66644976e-02,
          9.03770234e-03, 2.55396850e-02, -3.97663824e-02,
          -5.75483851e-02, -6.97973743e-02, 1.42237410e-01,
          -1.19849332e-02, 1.91581413e-01, 9.17082280e-03,
          -1.96036771e-01, -9.43127126e-02, 3.74966450e-02,
          9.37418565e-02, -2.04347923e-01, -4.49709669e-02,
          -1.57054052e-01, -6.72823191e-02, 1.36808734e-02,
          7.17769191e-02, 2.30302401e-02, 2.29976065e-02,
          -7.75462985e-02, -2.60376543e-01, -6.30098879e-02,
          -1.55130044e-01, 1.19864322e-01, -9.87978801e-02,
          -3.10229287e-02, 4.75953333e-02, -1.36644706e-01,
          -7.91379139e-02, 4.42101061e-02, 6.11548945e-02,
          -6.70708902e-03, -5.70398122e-02, 1.75873756e-01,
          -3.21150422e-02, -1.08114921e-01, -1.71755720e-02,
          3.12940739e-02, 2.48812348e-01, 1.92791641e-01, 6.23793900e-02,
          1.32936779e-02, -6.73589259e-02, 1.34558812e-01,
          -1.90291226e-01, 8.96581728e-03, 1.13155678e-01,
          1.41853034e-01, 1.23715356e-01, 7.29790181e-02,
          -2.15964854e-01, 6.07898384e-02, 9.31069702e-02,
          -2.34470308e-01, 6.02433644e-02, 3.53562608e-02,
          -6.51744157e-02, -7.07191750e-02, -4.79184724e-02,
          2.15042949e-01, 4.14649360e-02, -1.39768630e-01,
          -1.37589976e-01, 1.39252454e-01, -1.70764953e-01,
          -4.05324958e-02, 1.09361112e-01, -1.02473579e-01,
          -1.71336412e-01, -2.96937406e-01, 1.79713070e-02,
          3.50799769e-01, 1.44458190e-01, -1.97040826e-01,
          1.08855795e-02, -2.89750099e-02, -6.94084242e-02,
          3.52078639e-02, 8.91722739e-02, -1.23440132e-01,
          2.80761607e-02, -5.38934283e-02, 1.64748430e-02,
          1.55059174e-01, 1.97830573e-02, -1.60847176e-02,
          1.89065889e-01, -3.35807353e-03, 3.49923931e-02,
          -1.13244150e-02, 1.38725108e-03, -3.27837206e-02,
          -1.03496853e-02, -1.00649178e-01, 2.98967473e-02,
          7.04071522e-02, -1.18226483e-01, -4.73932130e-03,
          9.64228287e-02, -1.48264602e-01, 1.62620932e-01,
          2.12284215e-02, 9.04860906e-04, 1.51795559e-02,
          -3.32419085e-03, -1.03850849e-01, -5.69262169e-03,
          2.29723871e-01, -2.93684751e-01, 1.91515326e-01,
          2.13952988e-01, 7.95838907e-02, 1.08097211e-01,
          -2.85085384e-03, 1.14464842e-01, -3.25291529e-02,
          -2.24652234e-03, -2.37249270e-01, -8.34474564e-02,
          4.92478237e-02, -7.31934682e-02, 1.34018091e-02,
          2.24175751e-02 ]
A1:
   Matricula: A0000000
   Name: KAT
   Career: RSRSRS
   Email: "a010277fff7@itesm.mx"
   Student: 1
   faceMatrix: !!opencv-matrix
      rows: 128
      cols: 1
      dt: f
      data: [ -2.75965128e-02, 1.07042164e-01, 1.66644976e-02,
          9.03770234e-03, 2.55396850e-02, -3.97663824e-02,
          -5.75483851e-02, -6.97973743e-02, 1.42237410e-01,
          -1.19849332e-02, 1.91581413e-01, 9.17082280e-03,
          -1.96036771e-01, -9.43127126e-02, 3.74966450e-02,
          9.37418565e-02, -2.04347923e-01, -4.49709669e-02,
          -1.57054052e-01, -6.72823191e-02, 1.36808734e-02,
          7.17769191e-02, 2.30302401e-02, 2.29976065e-02,
          -7.75462985e-02, -2.60376543e-01, -6.30098879e-02,
          -1.55130044e-01, 1.19864322e-01, -9.87978801e-02,
          -3.10229287e-02, 4.75953333e-02, -1.36644706e-01,
          -7.91379139e-02, 4.42101061e-02, 6.11548945e-02,
          -6.70708902e-03, -5.70398122e-02, 1.75873756e-01,
          -3.21150422e-02, -1.08114921e-01, -1.71755720e-02,
          3.12940739e-02, 2.48812348e-01, 1.92791641e-01, 6.23793900e-02,
          1.32936779e-02, -6.73589259e-02, 1.34558812e-01,
          -1.90291226e-01, 8.96581728e-03, 1.13155678e-01,
          1.41853034e-01, 1.23715356e-01, 7.29790181e-02,
          -2.15964854e-01, 6.07898384e-02, 9.31069702e-02,
          -2.34470308e-01, 6.02433644e-02, 3.53562608e-02,
          -6.51744157e-02, -7.07191750e-02, -4.79184724e-02,
          2.15042949e-01, 4.14649360e-02, -1.39768630e-01,
          -1.37589976e-01, 1.39252454e-01, -1.70764953e-01,
          -4.05324958e-02, 1.09361112e-01, -1.02473579e-01,
          -1.71336412e-01, -2.96937406e-01, 1.79713070e-02,
          3.50799769e-01, 1.44458190e-01, -1.97040826e-01,
          1.08855795e-02, -2.89750099e-02, -6.94084242e-02,
          3.52078639e-02, 8.91722739e-02, -1.23440132e-01,
          2.80761607e-02, -5.38934283e-02, 1.64748430e-02,
          1.55059174e-01, 1.97830573e-02, -1.60847176e-02,
          1.89065889e-01, -3.35807353e-03, 3.49923931e-02,
          -1.13244150e-02, 1.38725108e-03, -3.27837206e-02,
          -1.03496853e-02, -1.00649178e-01, 2.98967473e-02,
          7.04071522e-02, -1.18226483e-01, -4.73932130e-03,
          9.64228287e-02, -1.48264602e-01, 1.62620932e-01,
          2.12284215e-02, 9.04860906e-04, 1.51795559e-02,
          -3.32419085e-03, -1.03850849e-01, -5.69262169e-03,
          2.29723871e-01, -2.93684751e-01, 1.91515326e-01,
          2.13952988e-01, 7.95838907e-02, 1.08097211e-01,
          -2.85085384e-03, 1.14464842e-01, -3.25291529e-02,
          -2.24652234e-03, -2.37249270e-01, -8.34474564e-02,
          4.92478237e-02, -7.31934682e-02, 1.34018091e-02,
          2.24175751e-02 ]
