%YAML:1.0
---
A0:
   Matricula: A0000000
   Name: KAT
   Career: RSRSRS
   Email: "a010277fff7@itesm.mx"
   Student: 1
   faceMatrix: !!opencv-matrix
      rows: 128
      cols: 1
      dt: f
      data: [ -8.18226710e-02, 1.09149441e-01, 5.71975932e-02,
          -3.34220305e-02, -8.29540268e-02, -7.29759084e-03,
          -1.17269140e-02, -1.14786334e-01, 1.26827404e-01,
          -4.77225520e-02, 2.39106134e-01, 5.89667959e-03,
          -2.11150333e-01, -2.83386726e-02, -6.92828894e-02,
          8.22158009e-02, -1.76770478e-01, 4.90336213e-03,
          -1.25165328e-01, -6.41545132e-02, 8.59545916e-02,
          5.67268319e-02, 7.59948194e-02, 2.17771120e-02,
          -1.07750028e-01, -2.59292811e-01, -6.46053255e-02,
          -6.90288246e-02, 1.49535090e-01, -9.54582840e-02,
          6.17599674e-03, -2.26392616e-02, -1.58475518e-01,
          -5.41509502e-03, -1.45560130e-03, 1.87580828e-02,
          -5.72556816e-02, -9.70752463e-02, 1.94970280e-01,
          -4.78644185e-02, -1.61622137e-01, -8.82283784e-03,
          3.47684510e-02, 1.93819821e-01, 2.07978055e-01, 4.45306208e-03,
          1.36925839e-02, -1.28705189e-01, 9.56946984e-02,
          -2.03111529e-01, 9.18158218e-02, 1.24525294e-01,
          6.94801360e-02, 1.00264378e-01, 5.24089895e-02,
          -1.46130145e-01, -1.47637725e-03, 1.86340064e-01,
          -1.43102393e-01, 6.25896752e-02, 9.50059369e-02,
          -1.16590530e-01, -1.69270094e-02, -8.01647007e-02,
          1.37963906e-01, 8.08575228e-02, -1.39224470e-01,
          -1.36832461e-01, 8.52116123e-02, -1.89775273e-01,
          -2.72867102e-02, 7.40299970e-02, -5.31335548e-02,
          -1.42651379e-01, -2.70093292e-01, 3.76354717e-02,
          3.63120824e-01, 2.04226092e-01, -1.70028374e-01,
          -3.82977389e-02, -1.05974041e-01, -2.13929284e-02,
          7.60942176e-02, 9.51429084e-02, -8.74923766e-02,
          -5.03580682e-02, -8.58768374e-02, 1.42490678e-02,
          1.34014636e-01, -1.92793254e-02, -4.24479973e-03,
          2.63265103e-01, 1.05541851e-02, -1.42393727e-02,
          -1.64175704e-02, 4.72570062e-02, -1.77576602e-01,
          -6.71965955e-03, -1.99878700e-02, -9.09214094e-03,
          2.60076225e-02, -1.11487046e-01, 4.98746745e-02,
          1.13818087e-01, -1.72867283e-01, 2.06228882e-01,
          -3.43616232e-02, 1.02952281e-02, 9.54005346e-02,
          -5.66854663e-02, -3.16525176e-02, -2.77218875e-02,
          1.55399978e-01, -2.35588118e-01, 1.98780641e-01,
          1.42057315e-01, 6.42706603e-02, 1.76010013e-01, 6.85480237e-02,
          1.54480428e-01, -3.12770158e-02, 5.12406696e-03,
          -1.28919840e-01, -3.28908563e-02, 1.11058848e-02,
          -7.18024299e-02, 6.95738047e-02, 1.39187695e-03 ]
A1:
   Matricula: A6666666
   Name: MAIKOLKORS
   Career: ITC
   Email: "a010516f7@itesm.mx"
   Student: 1
   faceMatrix: !!opencv-matrix
      rows: 128
      cols: 1
      dt: f
      data: [ -8.18226710e-02, 1.09149441e-01, 5.71975932e-02,
          -3.34220305e-02, -8.29540268e-02, -7.29759084e-03,
          -1.17269140e-02, -1.14786334e-01, 1.26827404e-01,
          -4.77225520e-02, 2.39106134e-01, 5.89667959e-03,
          -2.11150333e-01, -2.83386726e-02, -6.92828894e-02,
          8.22158009e-02, -1.76770478e-01, 4.90336213e-03,
          -1.25165328e-01, -6.41545132e-02, 8.59545916e-02,
          5.67268319e-02, 7.59948194e-02, 2.17771120e-02,
          -1.07750028e-01, -2.59292811e-01, -6.46053255e-02,
          -6.90288246e-02, 1.49535090e-01, -9.54582840e-02,
          6.17599674e-03, -2.26392616e-02, -1.58475518e-01,
          -5.41509502e-03, -1.45560130e-03, 1.87580828e-02,
          -5.72556816e-02, -9.70752463e-02, 1.94970280e-01,
          -4.78644185e-02, -1.61622137e-01, -8.82283784e-03,
          3.47684510e-02, 1.93819821e-01, 2.07978055e-01, 4.45306208e-03,
          1.36925839e-02, -1.28705189e-01, 9.56946984e-02,
          -2.03111529e-01, 9.18158218e-02, 1.24525294e-01,
          6.94801360e-02, 1.00264378e-01, 5.24089895e-02,
          -1.46130145e-01, -1.47637725e-03, 1.86340064e-01,
          -1.43102393e-01, 6.25896752e-02, 9.50059369e-02,
          -1.16590530e-01, -1.69270094e-02, -8.01647007e-02,
          1.37963906e-01, 8.08575228e-02, -1.39224470e-01,
          -1.36832461e-01, 8.52116123e-02, -1.89775273e-01,
          -2.72867102e-02, 7.40299970e-02, -5.31335548e-02,
          -1.42651379e-01, -2.70093292e-01, 3.76354717e-02,
          3.63120824e-01, 2.04226092e-01, -1.70028374e-01,
          -3.82977389e-02, -1.05974041e-01, -2.13929284e-02,
          7.60942176e-02, 9.51429084e-02, -8.74923766e-02,
          -5.03580682e-02, -8.58768374e-02, 1.42490678e-02,
          1.34014636e-01, -1.92793254e-02, -4.24479973e-03,
          2.63265103e-01, 1.05541851e-02, -1.42393727e-02,
          -1.64175704e-02, 4.72570062e-02, -1.77576602e-01,
          -6.71965955e-03, -1.99878700e-02, -9.09214094e-03,
          2.60076225e-02, -1.11487046e-01, 4.98746745e-02,
          1.13818087e-01, -1.72867283e-01, 2.06228882e-01,
          -3.43616232e-02, 1.02952281e-02, 9.54005346e-02,
          -5.66854663e-02, -3.16525176e-02, -2.77218875e-02,
          1.55399978e-01, -2.35588118e-01, 1.98780641e-01,
          1.42057315e-01, 6.42706603e-02, 1.76010013e-01, 6.85480237e-02,
          1.54480428e-01, -3.12770158e-02, 5.12406696e-03,
          -1.28919840e-01, -3.28908563e-02, 1.11058848e-02,
          -7.18024299e-02, 6.95738047e-02, 1.39187695e-03 ]
