%YAML:1.0
---
A0:
   Matricula: A0000000
   Name: KAT
   Career: RSRSRS
   Email: "a010277fff7@itesm.mx"
   Student: 1
   faceMatrix: !!opencv-matrix
      rows: 128
      cols: 1
      dt: f
      data: [ -7.63062760e-02, 7.30843097e-02, 3.02040540e-02,
          -1.39048081e-02, -5.75722978e-02, -4.52741645e-02,
          -2.16370095e-02, -7.91985095e-02, 1.28042698e-01,
          -3.91412377e-02, 2.84511834e-01, -1.64799578e-03,
          -2.25741237e-01, -3.89877073e-02, -4.37451676e-02,
          8.94662440e-02, -1.84267133e-01, 1.34962704e-03,
          -1.22659206e-01, -7.24596083e-02, 4.91674915e-02,
          5.45320362e-02, 7.61506334e-02, 2.57847868e-02,
          -6.66632354e-02, -2.68496424e-01, -3.93284485e-02,
          -1.35097608e-01, 1.41059414e-01, -1.27245262e-01,
          -2.88120434e-02, -1.64724290e-02, -1.41325489e-01,
          -3.90196107e-02, 2.32383702e-02, 1.62804052e-02,
          -2.36136820e-02, -9.80702266e-02, 2.08435461e-01,
          -4.42281589e-02, -1.56993121e-01, -3.59976776e-02,
          4.68540229e-02, 2.11038336e-01, 1.83062315e-01,
          -3.64795676e-03, 2.26828214e-02, -1.31319717e-01,
          7.82710761e-02, -2.08453059e-01, 7.97506720e-02,
          7.90075213e-02, 1.01517454e-01, 7.16938376e-02, 4.77911942e-02,
          -1.81211427e-01, -7.33656809e-04, 1.35290369e-01,
          -1.48252055e-01, 7.16075674e-02, 9.64191556e-02,
          -1.03602663e-01, -4.64383252e-02, -4.60725948e-02,
          1.98689491e-01, 9.18281674e-02, -1.39788017e-01,
          -1.42062664e-01, 6.92942962e-02, -1.86716110e-01,
          -4.07175422e-02, 9.28532779e-02, -5.48588894e-02,
          -1.39047235e-01, -2.57535279e-01, 2.70761438e-02,
          3.67712736e-01, 1.21010087e-01, -1.71186700e-01,
          -8.23727064e-03, -9.27520096e-02, -6.79664612e-02,
          6.97258115e-02, 1.29004195e-01, -8.34094360e-02,
          -2.38655377e-02, -8.65430832e-02, 3.09154615e-02,
          1.53451696e-01, -3.93510461e-02, 6.65979646e-03,
          2.04763994e-01, -2.94289328e-02, 4.25197929e-03,
          -4.08660155e-04, 5.71672916e-02, -1.46074817e-01,
          3.28638591e-03, -1.29526015e-02, 2.80299224e-03,
          5.76588959e-02, -1.22048102e-01, 2.58461386e-02,
          8.57223123e-02, -1.85849190e-01, 1.28078431e-01,
          -4.12492380e-02, -3.16555575e-02, 1.08701348e-01,
          -7.21858069e-02, 4.63953242e-03, -3.18093151e-02,
          1.55093089e-01, -2.48268336e-01, 2.17785135e-01,
          1.52188227e-01, 9.10963789e-02, 1.67515904e-01, 2.53942665e-02,
          1.15335084e-01, -4.56702895e-03, 1.37583409e-02,
          -1.70886517e-01, -1.85936075e-02, -1.07368594e-02,
          -6.13428131e-02, 4.47041988e-02, -1.80283394e-02 ]
