%YAML:1.0
---
A0:
   Matricula: A6666666
   Name: MAIKOLKORS
   Career: ITC
   Email: "a010516f7@itesm.mx"
   Student: 1
   faceMatrix: !!opencv-matrix
      rows: 128
      cols: 1
      dt: f
      data: [ -1.30987555e-01, 8.23249370e-02, 4.94088605e-02,
          -5.82570322e-02, -2.38582883e-02, -1.10728636e-01,
          -7.90247247e-02, -1.17744125e-01, 1.46996424e-01,
          -6.58273101e-02, 2.07691967e-01, -2.47538816e-02,
          -2.16779485e-01, -1.15699105e-01, 3.08531560e-02,
          1.47676095e-01, -2.21781775e-01, -1.39278889e-01,
          -6.84432611e-02, -9.55327004e-02, -1.49689056e-02,
          -5.55293672e-02, 3.63208950e-02, 1.16792647e-03,
          -1.06755108e-01, -2.74643958e-01, -5.52038662e-02,
          -1.45410925e-01, 2.40874756e-03, -7.69987851e-02,
          6.27766177e-02, 8.28759447e-02, -2.20710784e-01,
          -6.71528429e-02, -3.70083898e-02, 5.31944036e-02,
          6.80278614e-02, 3.22441291e-03, 1.88415721e-01,
          -4.76161391e-02, -1.62924886e-01, -3.95736322e-02,
          4.59308177e-02, 2.04343766e-01, 2.26740092e-01, 4.50263061e-02,
          -2.97939554e-02, -2.80807596e-02, 4.66602482e-02,
          -2.58004159e-01, 1.15408003e-02, 9.89008024e-02,
          4.69478145e-02, 4.37191650e-02, -9.93138179e-03,
          -1.91954613e-01, 1.07751470e-02, 7.91066065e-02,
          -2.07152829e-01, 1.08997067e-02, 4.47755605e-02,
          -1.27962813e-01, -1.22828826e-01, -3.96414399e-02,
          3.04321349e-01, 1.15796894e-01, -1.00619614e-01,
          -1.31322548e-01, 2.08291352e-01, -1.12465650e-01,
          -2.01221425e-02, 7.90987611e-02, -1.21229604e-01,
          -1.37500256e-01, -2.83662349e-01, 6.01627454e-02,
          2.67871916e-01, 6.73450157e-02, -1.40531033e-01,
          6.30389899e-02, -1.24847472e-01, -1.76267587e-02,
          -4.55838703e-02, 4.65206690e-02, -1.93609204e-02,
          -1.00190435e-02, -3.67298573e-02, 2.41677277e-03,
          1.34936422e-01, -2.73292605e-02, 2.44793296e-02,
          2.30743796e-01, -3.61465216e-02, 6.54615834e-03,
          -2.66089588e-02, -9.68053564e-03, -2.18281411e-02,
          -5.31483814e-03, -1.41797990e-01, -3.41074020e-02,
          9.06410962e-02, -4.49170619e-02, 2.51716487e-02,
          1.22643732e-01, -1.83083504e-01, 5.12418188e-02,
          -1.31736714e-02, -1.44173717e-02, 3.32464650e-02,
          1.76656917e-02, 8.73922184e-03, -1.21549264e-01,
          1.75565094e-01, -2.36309424e-01, 2.17692003e-01,
          2.38179818e-01, 4.38273288e-02, 1.20862156e-01, 1.92323551e-02,
          1.04069136e-01, -6.38604723e-03, 1.65298376e-02,
          -1.99477017e-01, 5.43512870e-05, 4.85601909e-02,
          -3.22469585e-02, -2.36963127e-02, 8.64921510e-02 ]
A1:
   Matricula: A123456
   Name: KAT
   Career: ITC
   Email: "a010516f7@itesm.mx"
   Student: 1
   faceMatrix: !!opencv-matrix
      rows: 128
      cols: 1
      dt: f
      data: [ -1.30987555e-01, 8.23249370e-02, 4.94088605e-02,
          -5.82570322e-02, -2.38582883e-02, -1.10728636e-01,
          -7.90247247e-02, -1.17744125e-01, 1.46996424e-01,
          -6.58273101e-02, 2.07691967e-01, -2.47538816e-02,
          -2.16779485e-01, -1.15699105e-01, 3.08531560e-02,
          1.47676095e-01, -2.21781775e-01, -1.39278889e-01,
          -6.84432611e-02, -9.55327004e-02, -1.49689056e-02,
          -5.55293672e-02, 3.63208950e-02, 1.16792647e-03,
          -1.06755108e-01, -2.74643958e-01, -5.52038662e-02,
          -1.45410925e-01, 2.40874756e-03, -7.69987851e-02,
          6.27766177e-02, 8.28759447e-02, -2.20710784e-01,
          -6.71528429e-02, -3.70083898e-02, 5.31944036e-02,
          6.80278614e-02, 3.22441291e-03, 1.88415721e-01,
          -4.76161391e-02, -1.62924886e-01, -3.95736322e-02,
          4.59308177e-02, 2.04343766e-01, 2.26740092e-01, 4.50263061e-02,
          -2.97939554e-02, -2.80807596e-02, 4.66602482e-02,
          -2.58004159e-01, 1.15408003e-02, 9.89008024e-02,
          4.69478145e-02, 4.37191650e-02, -9.93138179e-03,
          -1.91954613e-01, 1.07751470e-02, 7.91066065e-02,
          -2.07152829e-01, 1.08997067e-02, 4.47755605e-02,
          -1.27962813e-01, -1.22828826e-01, -3.96414399e-02,
          3.04321349e-01, 1.15796894e-01, -1.00619614e-01,
          -1.31322548e-01, 2.08291352e-01, -1.12465650e-01,
          -2.01221425e-02, 7.90987611e-02, -1.21229604e-01,
          -1.37500256e-01, -2.83662349e-01, 6.01627454e-02,
          2.67871916e-01, 6.73450157e-02, -1.40531033e-01,
          6.30389899e-02, -1.24847472e-01, -1.76267587e-02,
          -4.55838703e-02, 4.65206690e-02, -1.93609204e-02,
          -1.00190435e-02, -3.67298573e-02, 2.41677277e-03,
          1.34936422e-01, -2.73292605e-02, 2.44793296e-02,
          2.30743796e-01, -3.61465216e-02, 6.54615834e-03,
          -2.66089588e-02, -9.68053564e-03, -2.18281411e-02,
          -5.31483814e-03, -1.41797990e-01, -3.41074020e-02,
          9.06410962e-02, -4.49170619e-02, 2.51716487e-02,
          1.22643732e-01, -1.83083504e-01, 5.12418188e-02,
          -1.31736714e-02, -1.44173717e-02, 3.32464650e-02,
          1.76656917e-02, 8.73922184e-03, -1.21549264e-01,
          1.75565094e-01, -2.36309424e-01, 2.17692003e-01,
          2.38179818e-01, 4.38273288e-02, 1.20862156e-01, 1.92323551e-02,
          1.04069136e-01, -6.38604723e-03, 1.65298376e-02,
          -1.99477017e-01, 5.43512870e-05, 4.85601909e-02,
          -3.22469585e-02, -2.36963127e-02, 8.64921510e-02 ]
