%YAML:1.0
---
A0:
   Matricula: A6666666
   Name: KAT
   Career: ITC
   Email: "a010516f7@itesm.mx"
   Student: 1
   faceMatrix: !!opencv-matrix
      rows: 128
      cols: 1
      dt: f
      data: [ -1.30987555e-01, 8.23249370e-02, 4.94088605e-02,
          -5.82570322e-02, -2.38582883e-02, -1.10728636e-01,
          -7.90247247e-02, -1.17744125e-01, 1.46996424e-01,
          -6.58273101e-02, 2.07691967e-01, -2.47538816e-02,
          -2.16779485e-01, -1.15699105e-01, 3.08531560e-02,
          1.47676095e-01, -2.21781775e-01, -1.39278889e-01,
          -6.84432611e-02, -9.55327004e-02, -1.49689056e-02,
          -5.55293672e-02, 3.63208950e-02, 1.16792647e-03,
          -1.06755108e-01, -2.74643958e-01, -5.52038662e-02,
          -1.45410925e-01, 2.40874756e-03, -7.69987851e-02,
          6.27766177e-02, 8.28759447e-02, -2.20710784e-01,
          -6.71528429e-02, -3.70083898e-02, 5.31944036e-02,
          6.80278614e-02, 3.22441291e-03, 1.88415721e-01,
          -4.76161391e-02, -1.62924886e-01, -3.95736322e-02,
          4.59308177e-02, 2.04343766e-01, 2.26740092e-01, 4.50263061e-02,
          -2.97939554e-02, -2.80807596e-02, 4.66602482e-02,
          -2.58004159e-01, 1.15408003e-02, 9.89008024e-02,
          4.69478145e-02, 4.37191650e-02, -9.93138179e-03,
          -1.91954613e-01, 1.07751470e-02, 7.91066065e-02,
          -2.07152829e-01, 1.08997067e-02, 4.47755605e-02,
          -1.27962813e-01, -1.22828826e-01, -3.96414399e-02,
          3.04321349e-01, 1.15796894e-01, -1.00619614e-01,
          -1.31322548e-01, 2.08291352e-01, -1.12465650e-01,
          -2.01221425e-02, 7.90987611e-02, -1.21229604e-01,
          -1.37500256e-01, -2.83662349e-01, 6.01627454e-02,
          2.67871916e-01, 6.73450157e-02, -1.40531033e-01,
          6.30389899e-02, -1.24847472e-01, -1.76267587e-02,
          -4.55838703e-02, 4.65206690e-02, -1.93609204e-02,
          -1.00190435e-02, -3.67298573e-02, 2.41677277e-03,
          1.34936422e-01, -2.73292605e-02, 2.44793296e-02,
          2.30743796e-01, -3.61465216e-02, 6.54615834e-03,
          -2.66089588e-02, -9.68053564e-03, -2.18281411e-02,
          -5.31483814e-03, -1.41797990e-01, -3.41074020e-02,
          9.06410962e-02, -4.49170619e-02, 2.51716487e-02,
          1.22643732e-01, -1.83083504e-01, 5.12418188e-02,
          -1.31736714e-02, -1.44173717e-02, 3.32464650e-02,
          1.76656917e-02, 8.73922184e-03, -1.21549264e-01,
          1.75565094e-01, -2.36309424e-01, 2.17692003e-01,
          2.38179818e-01, 4.38273288e-02, 1.20862156e-01, 1.92323551e-02,
          1.04069136e-01, -6.38604723e-03, 1.65298376e-02,
          -1.99477017e-01, 5.43512870e-05, 4.85601909e-02,
          -3.22469585e-02, -2.36963127e-02, 8.64921510e-02 ]
A1:
   Matricula: A123456
   Name: KAT
   Career: ITC
   Email: "a010516f7@itesm.mx"
   Student: 1
   faceMatrix: !!opencv-matrix
      rows: 128
      cols: 1
      dt: f
      data: [ -7.63062835e-02, 7.30843097e-02, 3.02041601e-02,
          -1.39048360e-02, -5.75722046e-02, -4.52741869e-02,
          -2.16369517e-02, -7.91985840e-02, 1.28042758e-01,
          -3.91412377e-02, 2.84511924e-01, -1.64807856e-03,
          -2.25741103e-01, -3.89877558e-02, -4.37451936e-02,
          8.94661993e-02, -1.84267029e-01, 1.34962855e-03,
          -1.22659341e-01, -7.24595487e-02, 4.91674319e-02,
          5.45320846e-02, 7.61506557e-02, 2.57847253e-02,
          -6.66632205e-02, -2.68496484e-01, -3.93285006e-02,
          -1.35097623e-01, 1.41059428e-01, -1.27245307e-01,
          -2.88120136e-02, -1.64724663e-02, -1.41325444e-01,
          -3.90196331e-02, 2.32382547e-02, 1.62803382e-02,
          -2.36136876e-02, -9.80703160e-02, 2.08435491e-01,
          -4.42280881e-02, -1.56993255e-01, -3.59976739e-02,
          4.68540378e-02, 2.11038351e-01, 1.83062151e-01,
          -3.64792999e-03, 2.26828791e-02, -1.31319717e-01,
          7.82711059e-02, -2.08453149e-01, 7.97506496e-02,
          7.90074691e-02, 1.01517431e-01, 7.16938004e-02, 4.77912426e-02,
          -1.81211382e-01, -7.33666588e-04, 1.35290384e-01,
          -1.48252115e-01, 7.16076195e-02, 9.64189842e-02,
          -1.03602685e-01, -4.64384146e-02, -4.60725985e-02,
          1.98689356e-01, 9.18281674e-02, -1.39787883e-01,
          -1.42062604e-01, 6.92944303e-02, -1.86716214e-01,
          -4.07174863e-02, 9.28531513e-02, -5.48588336e-02,
          -1.39047265e-01, -2.57535458e-01, 2.70761102e-02,
          3.67712885e-01, 1.21010065e-01, -1.71186745e-01,
          -8.23726691e-03, -9.27519500e-02, -6.79664612e-02,
          6.97258487e-02, 1.29004285e-01, -8.34095329e-02,
          -2.38654856e-02, -8.65430087e-02, 3.09154671e-02,
          1.53451473e-01, -3.93510535e-02, 6.65977225e-03,
          2.04763949e-01, -2.94289440e-02, 4.25190665e-03,
          -4.08611028e-04, 5.71672693e-02, -1.46074936e-01,
          3.28631187e-03, -1.29525783e-02, 2.80299759e-03,
          5.76590039e-02, -1.22048199e-01, 2.58461162e-02,
          8.57222974e-02, -1.85849190e-01, 1.28078416e-01,
          -4.12491895e-02, -3.16556431e-02, 1.08701400e-01,
          -7.21857846e-02, 4.63958085e-03, -3.18093523e-02,
          1.55093104e-01, -2.48268291e-01, 2.17785090e-01,
          1.52188271e-01, 9.10963267e-02, 1.67515889e-01, 2.53942702e-02,
          1.15335092e-01, -4.56700195e-03, 1.37584098e-02,
          -1.70886546e-01, -1.85936484e-02, -1.07369153e-02,
          -6.13428056e-02, 4.47042324e-02, -1.80283245e-02 ]
